100
2 3 2
1 1 1
2 1 2
3 2 3
10 5 10
44 6 44
2 35 2
100 4 100
15 15 15
74 2 74
36 3 36
3 3 3
80 2 80
28 9 28
1 34 1
14 7 14
59 5 59
6 12 6
4 1 4
14 2 14
1 2 1
80 8 80
65 9 65
24 12 24
58 10 58
62 1 62
52 4 52
1 4 1
24 2 24
14 6 14
94 2 94
4 3 4
3 1 3
9 1 9
44 10 44
58 1 58
100 1 100
47 8 47
33 8 33
3 27 3
38 2 38
1 100 1
11 7 11
69 5 69
25 12 25
2 2 2
43 10 43
2 4 2
2 21 2
45 7 45
53 4 53
55 10 55
77 8 77
12 10 12
71 3 71
1 97 1
27 11 27
29 1 29
33 5 33
11 6 11
1 77 1
3 4 3
94 6 94
30 8 30
4 15 4
84 2 84
32 8 32
4 29 4
10 18 10
4 4 4
72 5 72
4 2 4
3 14 3
5 8 5
17 5 17
1 3 1
3 37 3
10 2 10
12 16 12
53 1 53
1 8 1
78 5 78
1 54 1
100 3 100
54 8 54
29 12 29
100 9 100
48 7 48
23 1 23
5 9 5
76 6 76
28 10 28
90 1 90
100 2 100
2 59 2
11 10 11
16 11 16
81 4 81
100 8 100
10 7 10
